01|03
01|03
01|03
01|03
01|03
01|03
01|03
01|03
01|03
01|03
01|03
01|03
01|03
01|03
01|03
01|03
01|03
01|03
01|03
01|03
01|03
01|03
01|03
01|03
01|03
01|03
01|03
01|03
01|03
01|03
01|03
01|03
01|03
01|03
01|03
01|03
01|03
01|03
01|03
01|03
01|03
01|03
01|03
01|03
01|03
01|03
01|03
01|03
01|03
01|03
01|03
01|03
01|03
01|03
01|03
01|03
01|03
01|03
01|03
01|03
01|03
01|03
01|03
01|03
01|03
01|03
01|03
01|03
01|03
01|03
01|03
01|03
01|03
01|03
01|03
01|03
01|03
01|03
01|03
01|03
01|03
01|03
01|03
01|03
01|03
01|03
01|03
01|03
01|03
01|03
01|03
01|03
01|03
01|03
01|03
01|03
01|03
01|03
01|03
01|03
01|03
01|03
01|03
01|03
01|03
01|03
01|03
01|03
01|03
01|03
01|03
01|03
01|03
01|03
01|03
01|03
01|03
01|03
01|03
01|03
01|03
01|03
01|03
01|03
01|03
01|03
01|03
01|03
01|03
01|03
01|03
01|03
01|03
01|03
01|03
01|03|04
01|03|04
01|03|04
01|03|04
01|03|04
01|03|04
01|03|04
01|03|04
01|03|04
01|03|04
01|03|04
01|03|04
01|03|04
01|03|04
01|03|04
01|03|04
01|03|04
01|03|04
01|03|04
01|03|04
01|03|04
01|03|04
01|03|04
01|03|04
01|03|04
01|03|04
01|03|04
01|03|04
01|03|04
01|03|04
01|03|04
01|03|04
01|03|04
01|03|04
01|03|04
01|03|04
01|03|04
01|03|04
01|03|04
01|03|04
01|03|04
01|03|04
01|03|04
01|03|04
01|03|04|06
01|03|04|06
01|03|04|06
01|03|04|06|15|21
01|03|04|06|21
01|03|04|06|21
01|03|04|06|21
01|03|04|06|21|38
01|03|04|06|21|38
01|03|04|06|38
01|03|04|11|15
01|03|04|15
01|03|04|15
01|03|04|15
01|03|04|15
01|03|04|15
01|03|04|15|21
01|03|04|15|21
01|03|04|15|21
01|03|04|15|21
01|03|04|15|21
01|03|04|15|21
01|03|04|15|21
01|03|04|15|21
01|03|04|15|21
01|03|04|15|21
01|03|04|15|21
01|03|04|15|21|38
01|03|04|15|21|99
01|03|04|15|21|99
01|03|04|15|21|99
01|03|04|21
01|03|04|21
01|03|04|21
01|03|04|21
01|03|04|21
01|03|04|21
01|03|04|21
01|03|04|21
01|03|04|21
01|03|04|21
01|03|04|21
01|03|04|21
01|03|04|21
01|03|04|21
01|03|04|21
01|03|04|21
01|03|04|21
01|03|04|21
01|03|04|21
01|03|04|21
01|03|04|21
01|03|04|21
01|03|04|21
01|03|04|21
01|03|04|21
01|03|04|21
01|03|04|21
01|03|04|21
01|03|04|21
01|03|04|21
01|03|04|21
01|03|04|21
01|03|04|21
01|03|04|21
01|03|04|21
01|03|04|21
01|03|04|21
01|03|04|21
01|03|04|21
01|03|04|21
01|03|04|21
01|03|04|21
01|03|04|21
01|03|04|21
01|03|04|21
01|03|04|21
01|03|04|21
01|03|04|21
01|03|04|21
01|03|04|21
01|03|04|21
01|03|04|21
01|03|04|21
01|03|04|21
01|03|04|21
01|03|04|21
01|03|04|21
01|03|04|21
01|03|04|21
01|03|04|21
01|03|04|21
01|03|04|21
01|03|04|21
01|03|04|21
01|03|04|21
01|03|04|21
01|03|04|21
01|03|04|21
01|03|04|21
01|03|04|21
01|03|04|21
01|03|04|21
01|03|04|21
01|03|04|21
01|03|04|21
01|03|04|21
01|03|04|21
01|03|04|21
01|03|04|21
01|03|04|21
01|03|04|21
01|03|04|21
01|03|04|21|38
01|03|04|21|38
01|03|04|21|38
01|03|04|21|38
01|03|04|21|38
01|03|04|38
01|03|04|38
01|03|04|99
01|03|06
01|03|06
01|03|06
01|03|06
01|03|06
01|03|06
01|03|06|15|21
01|03|06|15|21
01|03|06|21
01|03|06|21
01|03|06|21
01|03|06|21
01|03|06|21
01|03|06|21
01|03|06|21
01|03|06|21
01|03|06|21
01|03|06|21
01|03|06|38
01|03|10|15
01|03|10|15
01|03|10|15|21
01|03|10|99
01|03|15
01|03|15
01|03|15
01|03|15
01|03|15
01|03|15
01|03|15
01|03|15|21
01|03|15|21
01|03|15|21
01|03|15|21
01|03|15|21
01|03|15|21
01|03|15|21
01|03|15|21
01|03|15|21
01|03|15|21
01|03|15|21
01|03|15|21|99
01|03|15|21|99
01|03|15|21|99
01|03|15|21|99
01|03|15|99
01|03|21
01|03|21
01|03|21
01|03|21
01|03|21
01|03|21
01|03|21
01|03|21
01|03|21
01|03|21
01|03|21
01|03|21
01|03|21
01|03|21
01|03|21
01|03|21
01|03|21
01|03|21
01|03|21
01|03|21
01|03|21
01|03|21
01|03|21
01|03|21
01|03|21
01|03|21
01|03|21
01|03|21
01|03|21
01|03|21
01|03|21
01|03|21
01|03|21
01|03|21
01|03|21
01|03|21
01|03|21
01|03|21
01|03|21
01|03|21
01|03|21
01|03|21
01|03|21
01|03|21
01|03|21
01|03|21
01|03|21
01|03|21
01|03|21
01|03|21
01|03|21
01|03|21
01|03|21
01|03|21
01|03|21
01|03|21
01|03|21
01|03|21
01|03|21
01|03|21
01|03|21
01|03|21
01|03|21
01|03|21
01|03|21
01|03|21
01|03|21
01|03|21
01|03|21
01|03|21
01|03|21
01|03|21
01|03|21
01|03|21
01|03|21
01|03|21
01|03|21
01|03|21
01|03|21
01|03|21
01|03|21
01|03|21
01|03|21
01|03|21
01|03|21
01|03|21
01|03|21
01|03|21
01|03|21
01|03|21
01|03|21
01|03|21
01|03|21
01|03|21
01|03|21
01|03|21
01|03|21
01|03|21
01|03|21
01|03|21
01|03|21
01|03|21
01|03|21
01|03|21
01|03|21
01|03|21
01|03|21
01|03|21
01|03|21
01|03|21
01|03|21
01|03|21
01|03|21
01|03|21
01|03|21
01|03|21
01|03|21
01|03|21
01|03|21
01|03|21
01|03|21
01|03|21
01|03|21
01|03|21
01|03|21
01|03|21
01|03|21
01|03|21
01|03|21
01|03|21
01|03|21
01|03|21
01|03|21
01|03|21
01|03|21
01|03|21
01|03|21
01|03|21|38
01|03|21|38
01|03|21|38
01|03|21|38
01|03|21|99
01|03|21|99
01|03|21|99
01|03|21|99
01|03|21|99
01|03|21|99
01|03|21|99
01|03|21|99
01|03|21|99
01|03|38
01|03|38
01|03|99
01|03|99
01|04
01|04
01|04
01|04
01|04
01|04
01|04
01|04
01|04
01|04
01|04
01|04
01|04
01|04
01|04
01|04
01|04
01|04
01|04
01|04
01|04
01|04
01|04
01|04
01|04
01|04
01|04
01|04
01|04
01|04
01|04
01|04
01|04
01|04
01|04
01|04
01|04
01|04
01|04
01|04
01|04
01|04
01|04
01|04
01|04
01|04
01|04
01|04
01|04
01|04
01|04
01|04
01|04
01|04
01|04
01|04
01|04
01|04
01|04
01|04
01|04
01|04
01|04
01|04
01|04
01|04
01|04
01|04
01|04
01|04
01|04
01|04
01|04
01|04
01|04
01|04
01|04
01|04
01|04
01|04
01|04
01|04
01|04
01|04
01|04
01|04
01|04
01|04
01|04
01|04
01|04
01|04
01|04
01|04
01|04
01|04
01|04
01|04
01|04
01|04
01|04
01|04
01|04
01|04
01|04
01|04
01|04
01|04
01|04
01|04
01|04
01|04
01|04
01|04
01|04
01|04
01|04
01|04
01|04
01|04
01|04
01|04
01|04
01|04
01|04
01|04
01|04
01|04
01|04
01|04
01|04
01|04
01|04
01|04
01|04
01|04
01|04
01|04
01|04
01|04
01|04
01|04
01|04
01|04
01|04
01|04
01|04
01|04
01|04
01|04
01|04
01|04
01|04
01|04
01|04
01|04
01|04
01|04
01|04
01|04
01|04
01|04
01|04
01|04
01|04
01|04
01|04
01|04
01|04
01|04
01|04
01|04
01|04
01|04
01|04
01|04
01|04
01|04|06
01|04|06
01|04|06
01|04|06
01|04|06
01|04|06
01|04|06
01|04|06
01|04|06
01|04|06
01|04|06
01|04|06
01|04|06
01|04|06
01|04|06
01|04|06
01|04|06|15
01|04|06|15
01|04|06|15|21
01|04|06|15|21
01|04|06|15|21|38
01|04|06|15|21|38
01|04|06|15|21|99
01|04|06|21
01|04|06|21
01|04|06|21
01|04|06|21
01|04|06|21
01|04|06|21
01|04|06|21
01|04|06|21
01|04|06|21
01|04|06|21
01|04|06|21
01|04|06|21
01|04|06|21
01|04|06|21
01|04|06|21
01|04|06|21
01|04|06|21
01|04|06|21
01|04|06|21
01|04|06|21
01|04|06|21
01|04|06|21
01|04|06|21
01|04|06|21
01|04|06|21
01|04|06|21|38
01|04|06|21|38
01|04|06|21|38
01|04|06|21|38
01|04|06|38
01|04|06|38
01|04|10|15
01|04|10|15|21
01|04|10|99
01|04|15
01|04|15
01|04|15
01|04|15
01|04|15
01|04|15
01|04|15
01|04|15
01|04|15
01|04|15
01|04|15
01|04|15
01|04|15
01|04|15
01|04|15
01|04|15
01|04|15
01|04|15
01|04|15
01|04|15
01|04|15|21
01|04|15|21
01|04|15|21
01|04|15|21
01|04|15|21
01|04|15|21
01|04|15|21
01|04|15|21
01|04|15|21
01|04|15|21
01|04|15|21
01|04|15|21
01|04|15|21
01|04|15|21
01|04|15|21
01|04|15|21
01|04|15|21
01|04|15|21
01|04|15|21
01|04|15|21
01|04|15|21
01|04|15|21
01|04|15|21
01|04|15|21
01|04|15|21
01|04|15|21
01|04|15|21
01|04|15|21
01|04|15|21
01|04|15|21
01|04|15|21
01|04|15|21
01|04|15|21
01|04|15|21
01|04|15|21
01|04|15|21
01|04|15|21
01|04|15|21
01|04|15|21
01|04|15|21
01|04|15|21
01|04|15|21
01|04|15|21
01|04|15|21
01|04|15|21
01|04|15|21
01|04|15|21
01|04|15|21
01|04|15|21
01|04|15|21
01|04|15|21|38
01|04|15|21|38
01|04|15|21|38
01|04|15|21|38|99
01|04|15|21|99
01|04|15|21|99
01|04|15|21|99
01|04|15|21|99
01|04|15|21|99
01|04|15|21|99
01|04|15|21|99
01|04|15|38
01|04|15|99
01|04|21
01|04|21
01|04|21
01|04|21
01|04|21
01|04|21
01|04|21
01|04|21
01|04|21
01|04|21
01|04|21
01|04|21
01|04|21
01|04|21
01|04|21
01|04|21
01|04|21
01|04|21
01|04|21
01|04|21
01|04|21
01|04|21
01|04|21
01|04|21
01|04|21
01|04|21
01|04|21
01|04|21
01|04|21
01|04|21
01|04|21
01|04|21
01|04|21
01|04|21
01|04|21
01|04|21
01|04|21
01|04|21
01|04|21
01|04|21
01|04|21
01|04|21
01|04|21
01|04|21
01|04|21
01|04|21
01|04|21
01|04|21
01|04|21
01|04|21
01|04|21
01|04|21
01|04|21
01|04|21
01|04|21
01|04|21
01|04|21
01|04|21
01|04|21
01|04|21
01|04|21
01|04|21
01|04|21
01|04|21
01|04|21
01|04|21
01|04|21
01|04|21
01|04|21
01|04|21
01|04|21
01|04|21
01|04|21
01|04|21
01|04|21
01|04|21
01|04|21
01|04|21
01|04|21
01|04|21
01|04|21
01|04|21
01|04|21
01|04|21
01|04|21
01|04|21
01|04|21
01|04|21
01|04|21
01|04|21
01|04|21
01|04|21
01|04|21
01|04|21
01|04|21
01|04|21
01|04|21
01|04|21
01|04|21
01|04|21
01|04|21
01|04|21
01|04|21
01|04|21
01|04|21
01|04|21
01|04|21
01|04|21
01|04|21
01|04|21
01|04|21
01|04|21
01|04|21
01|04|21
01|04|21
01|04|21
01|04|21
01|04|21
01|04|21
01|04|21
01|04|21
01|04|21
01|04|21
01|04|21
01|04|21
01|04|21
01|04|21
01|04|21
01|04|21
01|04|21
01|04|21
01|04|21
01|04|21
01|04|21
01|04|21
01|04|21
01|04|21
01|04|21
01|04|21
01|04|21
01|04|21
01|04|21
01|04|21
01|04|21
01|04|21
01|04|21
01|04|21
01|04|21
01|04|21
01|04|21
01|04|21
01|04|21
01|04|21
01|04|21
01|04|21
01|04|21
01|04|21
01|04|21
01|04|21
01|04|21
01|04|21
01|04|21
01|04|21
01|04|21
01|04|21
01|04|21
01|04|21
01|04|21
01|04|21
01|04|21
01|04|21
01|04|21
01|04|21
01|04|21
01|04|21
01|04|21
01|04|21
01|04|21
01|04|21
01|04|21
01|04|21
01|04|21
01|04|21
01|04|21
01|04|21
01|04|21
01|04|21
01|04|21
01|04|21
01|04|21
01|04|21
01|04|21
01|04|21
01|04|21
01|04|21
01|04|21
01|04|21
01|04|21
01|04|21
01|04|21
01|04|21
01|04|21
01|04|21
01|04|21
01|04|21
01|04|21
01|04|21
01|04|21
01|04|21
01|04|21
01|04|21
01|04|21
01|04|21
01|04|21
01|04|21
01|04|21
01|04|21
01|04|21
01|04|21
01|04|21
01|04|21
01|04|21
01|04|21
01|04|21
01|04|21
01|04|21
01|04|21
01|04|21
01|04|21
01|04|21
01|04|21
01|04|21
01|04|21
01|04|21
01|04|21
01|04|21
01|04|21
01|04|21
01|04|21
01|04|21
01|04|21
01|04|21
01|04|21
01|04|21
01|04|21
01|04|21
01|04|21
01|04|21
01|04|21
01|04|21
01|04|21
01|04|21
01|04|21
01|04|21
01|04|21
01|04|21
01|04|21
01|04|21
01|04|21
01|04|21
01|04|21
01|04|21
01|04|21
01|04|21
01|04|21
01|04|21
01|04|21
01|04|21
01|04|21
01|04|21
01|04|21
01|04|21
01|04|21
01|04|21
01|04|21
01|04|21
01|04|21
01|04|21
01|04|21
01|04|21
01|04|21
01|04|21
01|04|21
01|04|21
01|04|21
01|04|21
01|04|21
01|04|21
01|04|21
01|04|21
01|04|21
01|04|21
01|04|21
01|04|21
01|04|21
01|04|21
01|04|21
01|04|21
01|04|21
01|04|21
01|04|21
01|04|21
01|04|21
01|04|21
01|04|21
01|04|21
01|04|21
01|04|21
01|04|21
01|04|21
01|04|21|38
01|04|21|38
01|04|21|38
01|04|21|38
01|04|21|38
01|04|21|38
01|04|21|38
01|04|21|38
01|04|21|38
01|04|21|38|99
01|04|21|99
01|04|21|99
01|04|21|99
01|04|21|99
01|04|21|99
01|04|21|99
01|04|21|99
01|04|21|99
01|04|21|99
01|04|21|99
01|04|21|99
01|04|21|99
01|04|21|99
01|04|21|99
01|04|21|99
01|04|38
01|04|38
01|04|38
01|04|38
01|04|38
01|04|38
01|04|38
01|04|38
01|04|38
01|04|38
01|04|99
01|04|99
01|04|99
01|06
01|06
01|06
01|06
01|06
01|06
01|06
01|06
01|06
01|06
01|06
01|06
01|06
01|06
01|06
01|06
01|06
01|06
01|06
01|06
01|06
01|06
01|06
01|06
01|06
01|06
01|06
01|06
01|06
01|06
01|06
01|06
01|06
01|06
01|06
01|06
01|06
01|06
01|06
01|06
01|06
01|06
01|06
01|06
01|06
01|06
01|06
01|06
01|06
01|06
01|06
01|06
01|06
01|06
01|06
01|06
01|06
01|06
01|06
01|06
01|06
01|06
01|06
01|06
01|06
01|06
01|06
01|06
01|06
01|06
01|06
01|06
01|06
01|06
01|06
01|06
01|06
01|06
01|06
01|06|10
01|06|10
01|06|10
01|06|10
01|06|10
01|06|10
01|06|10|15|99
01|06|11|21
01|06|11|21|38
01|06|15
01|06|15|21
01|06|15|21
01|06|15|21
01|06|15|21
01|06|15|21
01|06|15|21
01|06|15|21
01|06|15|21|38|99
01|06|21
01|06|21
01|06|21
01|06|21
01|06|21
01|06|21
01|06|21
01|06|21
01|06|21
01|06|21
01|06|21
01|06|21
01|06|21
01|06|21
01|06|21
01|06|21
01|06|21
01|06|21
01|06|21
01|06|21
01|06|21
01|06|21
01|06|21
01|06|21
01|06|21
01|06|21
01|06|21
01|06|21
01|06|21
01|06|21
01|06|21
01|06|21
01|06|21
01|06|21
01|06|21
01|06|21
01|06|21
01|06|21
01|06|21
01|06|21
01|06|21
01|06|21
01|06|21
01|06|21
01|06|21
01|06|21
01|06|21
01|06|21
01|06|21
01|06|21
01|06|21
01|06|21
01|06|21
01|06|21
01|06|21
01|06|21
01|06|21
01|06|21
01|06|21
01|06|21
01|06|21
01|06|21
01|06|21
01|06|21
01|06|21
01|06|21
01|06|21
01|06|21
01|06|21|38
01|06|21|99
01|06|21|99
01|06|21|99
01|06|21|99
01|06|38
01|06|99
01|10
01|10
01|10
01|10
01|10
01|10
01|10
01|10
01|10
01|10
01|10
01|10
01|10
01|10
01|10
01|10
01|10
01|10
01|10
01|10
01|10
01|10
01|10
01|10
01|10
01|10
01|10
01|10
01|10
01|10
01|10
01|10
01|10
01|10
01|10
01|10
01|10
01|10
01|10
01|10
01|10
01|10
01|10
01|10
01|10
01|10
01|10
01|10
01|10
01|10
01|10
01|10
01|10
01|10
01|10
01|10
01|10
01|10
01|10|15
01|10|15
01|10|15
01|10|15
01|10|15
01|10|15
01|10|15
01|10|15
01|10|15
01|10|15
01|10|15
01|10|15|21|38
01|10|21
01|10|99
01|10|99
01|10|99
01|10|99
01|10|99
01|10|99
01|15
01|15
01|15
01|15
01|15
01|15
01|15
01|15
01|15
01|15
01|15
01|15
01|15
01|15
01|15
01|15
01|15
01|15
01|15
01|15
01|15
01|15
01|15
01|15
01|15
01|15
01|15
01|15
01|15
01|15
01|15
01|15
01|15
01|15
01|15
01|15
01|15
01|15
01|15
01|15
01|15
01|15
01|15
01|15
01|15
01|15
01|15
01|15
01|15
01|15
01|15
01|15
01|15
01|15
01|15
01|15
01|15
01|15
01|15
01|15
01|15
01|15
01|15
01|15
01|15
01|15
01|15
01|15
01|15
01|15
01|15
01|15
01|15
01|15
01|15
01|15
01|15
01|15
01|15
01|15
01|15
01|15
01|15
01|15
01|15
01|15
01|15
01|15
01|15
01|15
01|15
01|15
01|15
01|15
01|15
01|15
01|15
01|15
01|15
01|15
01|15
01|15
01|15
01|15
01|15|21
01|15|21
01|15|21
01|15|21
01|15|21
01|15|21
01|15|21
01|15|21
01|15|21
01|15|21
01|15|21
01|15|21
01|15|21
01|15|21
01|15|21
01|15|21
01|15|21
01|15|21
01|15|21
01|15|21
01|15|21
01|15|21
01|15|21
01|15|21
01|15|21
01|15|21
01|15|21
01|15|21
01|15|21
01|15|21
01|15|21
01|15|21
01|15|21
01|15|21
01|15|21
01|15|21
01|15|21
01|15|21
01|15|21
01|15|21
01|15|21
01|15|21
01|15|21
01|15|21
01|15|21
01|15|21
01|15|21
01|15|21
01|15|21
01|15|21
01|15|21
01|15|21
01|15|21
01|15|21
01|15|21
01|15|21
01|15|21
01|15|21
01|15|21
01|15|21
01|15|21
01|15|21
01|15|21
01|15|21
01|15|21
01|15|21
01|15|21
01|15|21
01|15|21
01|15|21
01|15|21
01|15|21
01|15|21
01|15|21
01|15|21
01|15|21
01|15|21
01|15|21
01|15|21
01|15|21
01|15|21
01|15|21
01|15|21
01|15|21
01|15|21
01|15|21
01|15|21
01|15|21
01|15|21
01|15|21
01|15|21
01|15|21
01|15|21
01|15|21
01|15|21
01|15|21
01|15|21
01|15|21
01|15|21
01|15|21
01|15|21
01|15|21
01|15|21
01|15|21
01|15|21
01|15|21
01|15|21
01|15|21
01|15|21
01|15|21
01|15|21
01|15|21
01|15|21
01|15|21
01|15|21
01|15|21
01|15|21
01|15|21
01|15|21
01|15|21
01|15|21
01|15|21
01|15|21
01|15|21
01|15|21
01|15|21
01|15|21
01|15|21
01|15|21
01|15|21
01|15|21
01|15|21
01|15|21
01|15|21
01|15|21
01|15|21
01|15|21
01|15|21
01|15|21
01|15|21
01|15|21
01|15|21
01|15|21
01|15|21
01|15|21
01|15|21
01|15|21
01|15|21
01|15|21
01|15|21
01|15|21
01|15|21
01|15|21
01|15|21
01|15|21
01|15|21
01|15|21
01|15|21
01|15|21
01|15|21
01|15|21
01|15|21
01|15|21
01|15|21
01|15|21
01|15|21
01|15|21
01|15|21
01|15|21
01|15|21
01|15|21
01|15|21
01|15|21
01|15|21
01|15|21|38
01|15|21|38
01|15|21|38
01|15|21|99
01|15|21|99
01|15|21|99
01|15|21|99
01|15|21|99
01|15|21|99
01|15|21|99
01|15|21|99
01|15|21|99
01|15|21|99
01|15|21|99
01|15|21|99
01|15|21|99
01|15|99
01|15|99
01|15|99
01|15|99
01|15|99
01|15|99
01|15|99
01|15|99
01|21
01|21
01|21
01|21
01|21
01|21
01|21
01|21
01|21
01|21
01|21
01|21
01|21
01|21
01|21
01|21
01|21
01|21
01|21
01|21
01|21
01|21
01|21
01|21
01|21
01|21
01|21
01|21
01|21
01|21
01|21
01|21
01|21
01|21
01|21
01|21
01|21
01|21
01|21
01|21
01|21
01|21
01|21
01|21
01|21
01|21
01|21
01|21
01|21
01|21
01|21
01|21
01|21
01|21
01|21
01|21
01|21
01|21
01|21
01|21
01|21
01|21
01|21
01|21
01|21
01|21
01|21
01|21
01|21
01|21
01|21
01|21
01|21
01|21
01|21
01|21
01|21
01|21
01|21
01|21
01|21
01|21
01|21
01|21
01|21
01|21
01|21
01|21
01|21
01|21
01|21
01|21
01|21
01|21
01|21
01|21
01|21
01|21
01|21
01|21
01|21
01|21
01|21
01|21
01|21
01|21
01|21
01|21
01|21
01|21
01|21
01|21
01|21
01|21
01|21
01|21
01|21
01|21
01|21
01|21
01|21
01|21
01|21
01|21
01|21
01|21
01|21
01|21
01|21
01|21
01|21
01|21
01|21
01|21
01|21
01|21
01|21
01|21
01|21
01|21
01|21
01|21
01|21
01|21
01|21
01|21
01|21
01|21
01|21
01|21
01|21
01|21
01|21
01|21
01|21
01|21
01|21
01|21
01|21
01|21
01|21
01|21
01|21
01|21
01|21
01|21
01|21
01|21
01|21
01|21
01|21
01|21
01|21
01|21
01|21
01|21
01|21
01|21
01|21
01|21
01|21
01|21
01|21
01|21
01|21
01|21
01|21
01|21
01|21
01|21
01|21
01|21
01|21
01|21
01|21
01|21
01|21
01|21
01|21
01|21
01|21
01|21
01|21
01|21
01|21
01|21
01|21
01|21
01|21
01|21
01|21
01|21
01|21
01|21
01|21
01|21
01|21
01|21
01|21
01|21
01|21
01|21
01|21
01|21
01|21
01|21
01|21
01|21
01|21
01|21
01|21
01|21
01|21
01|21
01|21
01|21
01|21
01|21
01|21
01|21
01|21
01|21
01|21
01|21
01|21
01|21
01|21
01|21
01|21
01|21
01|21
01|21
01|21
01|21
01|21
01|21
01|21
01|21
01|21
01|21
01|21
01|21
01|21
01|21
01|21
01|21
01|21
01|21
01|21
01|21
01|21
01|21
01|21
01|21
01|21
01|21
01|21
01|21
01|21
01|21
01|21
01|21
01|21
01|21
01|21
01|21
01|21
01|21
01|21
01|21
01|21
01|21
01|21
01|21
01|21
01|21
01|21
01|21
01|21
01|21
01|21
01|21
01|21
01|21
01|21
01|21
01|21
01|21
01|21
01|21
01|21
01|21
01|21
01|21
01|21
01|21
01|21
01|21
01|21
01|21
01|21
01|21
01|21
01|21
01|21
01|21
01|21
01|21
01|21
01|21
01|21
01|21
01|21
01|21
01|21
01|21
01|21
01|21
01|21
01|21
01|21
01|21
01|21
01|21
01|21
01|21
01|21
01|21
01|21
01|21
01|21
01|21
01|21
01|21
01|21
01|21
01|21
01|21
01|21
01|21
01|21
01|21
01|21
01|21
01|21
01|21
01|21
01|21
01|21
01|21
01|21
01|21
01|21
01|21
01|21
01|21
01|21
01|21
01|21
01|21
01|21
01|21
01|21
01|21
01|21
01|21
01|21
01|21
01|21
01|21
01|21
01|21
01|21
01|21
01|21
01|21
01|21
01|21
01|21
01|21
01|21
01|21
01|21
01|21
01|21
01|21
01|21
01|21
01|21
01|21
01|21
01|21
01|21
01|21
01|21
01|21
01|21
01|21
01|21
01|21
01|21
01|21
01|21
01|21
01|21
01|21
01|21
01|21
01|21
01|21
01|21
01|21
01|21
01|21
01|21
01|21
01|21
01|21
01|21
01|21
01|21
01|21
01|21
01|21
01|21
01|21
01|21
01|21
01|21
01|21
01|21
01|21
01|21
01|21
01|21
01|21
01|21
01|21
01|21
01|21
01|21
01|21
01|21
01|21
01|21
01|21
01|21
01|21
01|21
01|21
01|21
01|21
01|21
01|21
01|21
01|21
01|21
01|21
01|21
01|21
01|21
01|21
01|21
01|21
01|21
01|21
01|21
01|21
01|21
01|21
01|21
01|21
01|21
01|21
01|21
01|21
01|21
01|21
01|21
01|21
01|21
01|21
01|21
01|21
01|21
01|21
01|21
01|21
01|21
01|21
01|21
01|21
01|21
01|21
01|21
01|21
01|21
01|21
01|21
01|21
01|21
01|21
01|21
01|21
01|21
01|21
01|21
01|21
01|21
01|21
01|21
01|21
01|21
01|21
01|21
01|21
01|21
01|21
01|21
01|21
01|21
01|21
01|21
01|21
01|21
01|21
01|21
01|21
01|21
01|21
01|21
01|21
01|21
01|21
01|21
01|21
01|21
01|21
01|21
01|21
01|21
01|21
01|21
01|21
01|21
01|21
01|21
01|21
01|21
01|21
01|21
01|21
01|21
01|21
01|21
01|21
01|21
01|21
01|21
01|21
01|21
01|21
01|21
01|21
01|21
01|21
01|21
01|21
01|21
01|21
01|21
01|21
01|21
01|21
01|21
01|21
01|21
01|21
01|21
01|21
01|21
01|21
01|21
01|21
01|21
01|21
01|21
01|21
01|21
01|21
01|21
01|21
01|21
01|21
01|21
01|21
01|21
01|21
01|21
01|21
01|21
01|21
01|21
01|21
01|21
01|21
01|21
01|21
01|21
01|21
01|21
01|21
01|21
01|21
01|21
01|21
01|21
01|21
01|21
01|21
01|21
01|21
01|21
01|21
01|21
01|21
01|21
01|21
01|21
01|21
01|21
01|21
01|21
01|21
01|21
01|21
01|21
01|21
01|21
01|21
01|21
01|21
01|21
01|21
01|21
01|21
01|21
01|21
01|21
01|21
01|21
01|21
01|21
01|21
01|21
01|21
01|21
01|21
01|21
01|21
01|21
01|21
01|21
01|21
01|21
01|21
01|21
01|21
01|21
01|21
01|21
01|21
01|21
01|21
01|21
01|21
01|21
01|21
01|21
01|21
01|21
01|21
01|21
01|21
01|21
01|21
01|21
01|21
01|21
01|21
01|21
01|21
01|21
01|21
01|21
01|21
01|21
01|21
01|21
01|21
01|21
01|21
01|21
01|21
01|21
01|21
01|21
01|21
01|21
01|21
01|21
01|21
01|21
01|21
01|21
01|21
01|21
01|21
01|21
01|21
01|21
01|21
01|21
01|21
01|21
01|21
01|21
01|21
01|21
01|21
01|21
01|21
01|21
01|21
01|21
01|21
01|21
01|21
01|21
01|21
01|21
01|21
01|21
01|21
01|21
01|21
01|21
01|21
01|21
01|21
01|21
01|21
01|21
01|21
01|21
01|21
01|21
01|21
01|21
01|21
01|21
01|21
01|21
01|21
01|21
01|21
01|21
01|21
01|21
01|21
01|21
01|21
01|21
01|21
01|21
01|21
01|21
01|21
01|21
01|21
01|21
01|21
01|21
01|21
01|21
01|21
01|21
01|21
01|21
01|21
01|21
01|21
01|21
01|21
01|21
01|21
01|21
01|21
01|21
01|21
01|21
01|21
01|21
01|21
01|21
01|21
01|21
01|21
01|21
01|21
01|21
01|21
01|21
01|21
01|21
01|21
01|21
01|21
01|21
01|21
01|21
01|21
01|21
01|21
01|21
01|21
01|21
01|21
01|21
01|21
01|21
01|21
01|21
01|21
01|21
01|21
01|21
01|21
01|21
01|21
01|21
01|21
01|21
01|21
01|21
01|21
01|21
01|21
01|21
01|21
01|21
01|21
01|21
01|21
01|21
01|21
01|21
01|21
01|21
01|21
01|21
01|21
01|21
01|21
01|21
01|21
01|21
01|21
01|21
01|21
01|21
01|21
01|21
01|21
01|21
01|21
01|21
01|21
01|21
01|21
01|21
01|21
01|21
01|21
01|21
01|21
01|21
01|21
01|21
01|21
01|21
01|21
01|21
01|21
01|21
01|21
01|21
01|21
01|21
01|21
01|21
01|21
01|21
01|21
01|21
01|21
01|21
01|21
01|21
01|21
01|21
01|21
01|21
01|21
01|21
01|21
01|21
01|21
01|21
01|21
01|21
01|21
01|21
01|21
01|21
01|21
01|21
01|21
01|21
01|21
01|21
01|21
01|21
01|21
01|21
01|21
01|21
01|21
01|21
01|21
01|21
01|21
01|21
01|21
01|21
01|21
01|21
01|21
01|21
01|21
01|21
01|21
01|21
01|21
01|21
01|21
01|21
01|21
01|21
01|21
01|21
01|21
01|21
01|21
01|21
01|21
01|21
01|21
01|21
01|21
01|21
01|21
01|21
01|21
01|21
01|21
01|21
01|21
01|21
01|21
01|21
01|21
01|21
01|21
01|21
01|21
01|21
01|21
01|21
01|21
01|21
01|21
01|21
01|21
01|21
01|21
01|21
01|21
01|21
01|21
01|21
01|21
01|21
01|21
01|21
01|21
01|21
01|21
01|21
01|21
01|21
01|21
01|21
01|21
01|21
01|21
01|21
01|21
01|21
01|21
01|21
01|21
01|21
01|21
01|21
01|21
01|21
01|21
01|21
01|21
01|21
01|21
01|21
01|21
01|21
01|21
01|21
01|21
01|21
01|21
01|21
01|21
01|21
01|21
01|21
01|21
01|21
01|21
01|21
01|21
01|21
01|21
01|21
01|21
01|21
01|21
01|21
01|21
01|21
01|21
01|21
01|21
01|21
01|21
01|21
01|21
01|21
01|21
01|21
01|21
01|21
01|21
01|21
01|21
01|21
01|21
01|21
01|21
01|21
01|21
01|21
01|21
01|21
01|21
01|21
01|21
01|21
01|21
01|21
01|21
01|21
01|21
01|21
01|21
01|21
01|21
01|21
01|21
01|21
01|21
01|21
01|21
01|21
01|21
01|21
01|21
01|21
01|21
01|21
01|21
01|21
01|21
01|21
01|21
01|21
01|21
01|21
01|21
01|21
01|21
01|21
01|21
01|21
01|21
01|21
01|21
01|21
01|21
01|21
01|21
01|21
01|21
01|21
01|21
01|21
01|21
01|21
01|21
01|21
01|21
01|21
01|21
01|21
01|21
01|21
01|21
01|21
01|21
01|21
01|21
01|21
01|21
01|21
01|21
01|21
01|21
01|21
01|21
01|21
01|21
01|21
01|21
01|21
01|21
01|21
01|21
01|21
01|21
01|21
01|21
01|21
01|21
01|21
01|21
01|21
01|21
01|21
01|21
01|21
01|21
01|21
01|21
01|21
01|21
01|21
01|21
01|21
01|21
01|21
01|21
01|21
01|21
01|21
01|21
01|21
01|21
01|21
01|21
01|21
01|21
01|21
01|21
01|21
01|21
01|21
01|21
01|21
01|21
01|21
01|21
01|21
01|21
01|21
01|21
01|21
01|21
01|21
01|21
01|21
01|21
01|21
01|21
01|21
01|21
01|21
01|21
01|21
01|21
01|21
01|21
01|21
01|21
01|21
01|21
01|21
01|21
01|21
01|21
01|21
01|21
01|21
01|21
01|21
01|21
01|21
01|21
01|21
01|21
01|21
01|21
01|21
01|21
01|21
01|21
01|21
01|21
01|21
01|21
01|21
01|21
01|21
01|21
01|21
01|21
01|21
01|21
01|21
01|21
01|21
01|21
01|21
01|21
01|21
01|21
01|21
01|21
01|21
01|21
01|21
01|21
01|21
01|21
01|21
01|21
01|21
01|21
01|21
01|21
01|21
01|21
01|21
01|21
01|21
01|21
01|21
01|21
01|21
01|21
01|21
01|21
01|21
01|21
01|21
01|21
01|21
01|21
01|21
01|21
01|21
01|21
01|21
01|21
01|21
01|21
01|21
01|21
01|21
01|21
01|21
01|21
01|21
01|21
01|21
01|21
01|21
01|21
01|21
01|21
01|21
01|21
01|21
01|21
01|21
01|21
01|21
01|21
01|21
01|21
01|21
01|21
01|21
01|21
01|21
01|21
01|21
01|21
01|21
01|21
01|21
01|21
01|21
01|21
01|21
01|21
01|21
01|21
01|21
01|21
01|21
01|21
01|21
01|21
01|21
01|21
01|21
01|21
01|21
01|21
01|21
01|21
01|21
01|21
01|21
01|21
01|21
01|21
01|21
01|21
01|21
01|21
01|21
01|21
01|21
01|21
01|21
01|21
01|21
01|21
01|21
01|21
01|21
01|21
01|21
01|21
01|21
01|21
01|21
01|21
01|21
01|21
01|21
01|21
01|21
01|21
01|21
01|21
01|21
01|21
01|21
01|21
01|21
01|21
01|21
01|21
01|21
01|21
01|21
01|21
01|21
01|21
01|21
01|21
01|21
01|21
01|21
01|21
01|21
01|21
01|21
01|21
01|21
01|21
01|21
01|21
01|21
01|21
01|21
01|21
01|21
01|21
01|21
01|21
01|21
01|21
01|21
01|21
01|21
01|21
01|21
01|21
01|21
01|21
01|21
01|21
01|21
01|21
01|21
01|21
01|21
01|21
01|21
01|21
01|21
01|21
01|21
01|21
01|21
01|21
01|21
01|21
01|21
01|21
01|21
01|21
01|21
01|21
01|21
01|21
01|21
01|21
01|21
01|21
01|21
01|21
01|21
01|21
01|21
01|21
01|21
01|21
01|21
01|21
01|21
01|21
01|21
01|21
01|21
01|21
01|21
01|21
01|21
01|21
01|21
01|21
01|21
01|21
01|21
01|21
01|21
01|21
01|21
01|21
01|21
01|21
01|21
01|21
01|21
01|21
01|21
01|21
01|21
01|21
01|21
01|21
01|21
01|21
01|21
01|21
01|21
01|21
01|21
01|21
01|21
01|21
01|21
01|21
01|21
01|21
01|21
01|21
01|21
01|21
01|21
01|21
01|21
01|21
01|21
01|21
01|21
01|21
01|21
01|21
01|21
01|21
01|21
01|21
01|21
01|21
01|21
01|21
01|21
01|21
01|21
01|21
01|21
01|21
01|21
01|21
01|21
01|21
01|21
01|21
01|21
01|21
01|21
01|21
01|21
01|21
01|21
01|21
01|21
01|21
01|21
01|21
01|21
01|21
01|21
01|21
01|21
01|21
01|21
01|21
01|21
01|21
01|21
01|21
01|21
01|21
01|21
01|21
01|21
01|21
01|21
01|21
01|21
01|21
01|21
01|21
01|21
01|21
01|21
01|21
01|21
01|21
01|21
01|21
01|21
01|21
01|21
01|21
01|21
01|21
01|21
01|21
01|21
01|21
01|21
01|21
01|21
01|21
01|21
01|21
01|21
01|21
01|21
01|21
01|21
01|21
01|21
01|21
01|21
01|21
01|21
01|21
01|21
01|21
01|21
01|21
01|21
01|21
01|21
01|21
01|21
01|21
01|21
01|21
01|21
01|21
01|21
01|21
01|21
01|21
01|21
01|21
01|21
01|21
01|21
01|21
01|21
01|21
01|21
01|21
01|21
01|21
01|21
01|21
01|21
01|21
01|21
01|21
01|21
01|21
01|21
01|21
01|21
01|21
01|21
01|21
01|21
01|21
01|21
01|21
01|21
01|21
01|21
01|21
01|21
01|21
01|21
01|21
01|21
01|21
01|21
01|21
01|21
01|21
01|21
01|21
01|21
01|21
01|21
01|21
01|21
01|21
01|21
01|21
01|21
01|21
01|21
01|21
01|21
01|21
01|21
01|21
01|21
01|21
01|21
01|21
01|21
01|21
01|21
01|21
01|21
01|21
01|21
01|21
01|21
01|21
01|21
01|21
01|21
01|21
01|21
01|21
01|21
01|21
01|21
01|21
01|21
01|21
01|21
01|21
01|21
01|21
01|21
01|21
01|21
01|21
01|21
01|21
01|21
01|21
01|21
01|21
01|21
01|21
01|21
01|21
01|21
01|21
01|21
01|21
01|21
01|21
01|21
01|21
01|21
01|21
01|21
01|21
01|21
01|21
01|21
01|21
01|21
01|21
01|21
01|21
01|21
01|21
01|21
01|21
01|21
01|21
01|21
01|21
01|21
01|21
01|21
01|21
01|21
01|21
01|21
01|21
01|21
01|21
01|21
01|21
01|21
01|21
01|21
01|21
01|21
01|21
01|21
01|21
01|21
01|21
01|21
01|21
01|21
01|21
01|21
01|21
01|21
01|21
01|21
01|21
01|21
01|21
01|21
01|21
01|21
01|21
01|21
01|21
01|21
01|21
01|21
01|21
01|21
01|21
01|21
01|21
01|21
01|21
01|21
01|21
01|21
01|21
01|21
01|21
01|21
01|21
01|21
01|21
01|21
01|21
01|21
01|21
01|21
01|21
01|21
01|21
01|21
01|21
01|21
01|21
01|21
01|21
01|21
01|21
01|21
01|21
01|21
01|21
01|21
01|21
01|21
01|21
01|21
01|21
01|21
01|21
01|21
01|21
01|21
01|21
01|21
01|21
01|21
01|21
01|21
01|21
01|21
01|21
01|21
01|21
01|21
01|21
01|21
01|21
01|21
01|21
01|21
01|21
01|21
01|21
01|21
01|21
01|21
01|21
01|21
01|21
01|21
01|21
01|21
01|21
01|21
01|21
01|21
01|21
01|21
01|21
01|21
01|21
01|21
01|21
01|21
01|21
01|21
01|21
01|21
01|21
01|21
01|21
01|21
01|21
01|21
01|21
01|21
01|21
01|21
01|21
01|21
01|21
01|21
01|21
01|21
01|21
01|21
01|21
01|21
01|21
01|21
01|21
01|21
01|21
01|21
01|21
01|21
01|21
01|21
01|21
01|21
01|21
01|21
01|21
01|21
01|21
01|21
01|21
01|21
01|21
01|21
01|21
01|21
01|21
01|21
01|21
01|21
01|21
01|21
01|21
01|21
01|21
01|21
01|21
01|21
01|21
01|21
01|21
01|21
01|21
01|21
01|21
01|21
01|21
01|21
01|21
01|21
01|21
01|21
01|21
01|21
01|21
01|21
01|21
01|21
01|21
01|21
01|21
01|21
01|21
01|21
01|21
01|21
01|21
01|21
01|21
01|21
01|21
01|21
01|21
01|21
01|21
01|21
01|21
01|21
01|21
01|21
01|21
01|21
01|21
01|21
01|21
01|21
01|21
01|21
01|21
01|21
01|21
01|21
01|21
01|21
01|21
01|21
01|21
01|21
01|21
01|21
01|21
01|21
01|21
01|21
01|21
01|21
01|21
01|21
01|21
01|21
01|21
01|21
01|21
01|21
01|21
01|21
01|21
01|21
01|21
01|21
01|21
01|21
01|21
01|21
01|21
01|21
01|21
01|21
01|21
01|21
01|21
01|21
01|21
01|21
01|21
01|21
01|21
01|21
01|21
01|21
01|21
01|21
01|21
01|21
01|21
01|21
01|21
01|21
01|21
01|21
01|21
01|21
01|21
01|21
01|21
01|21
01|21
01|21
01|21
01|21
01|21
01|21
01|21
01|21
01|21
01|21
01|21
01|21
01|21
01|21
01|21
01|21
01|21
01|21
01|21
01|21
01|21
01|21
01|21
01|21
01|21
01|21
01|21
01|21
01|21
01|21
01|21
01|21
01|21
01|21
01|21
01|21
01|21
01|21
01|21
01|21
01|21
01|21
01|21
01|21
01|21
01|21
01|21
01|21
01|21
01|21
01|21
01|21
01|21
01|21
01|21
01|21
01|21
01|21
01|21
01|21
01|21
01|21
01|21
01|21
01|21
01|21
01|21
01|21
01|21
01|21
01|21
01|21
01|21
01|21
01|21
01|21
01|21
01|21
01|21
01|21
01|21
01|21
01|21
01|21
01|21
01|21
01|21
01|21
01|21
01|21
01|21
01|21
01|21
01|21
01|21
01|21
01|21
01|21
01|21
01|21
01|21
01|21
01|21
01|21
01|21
01|21
01|21
01|21
01|21
01|21
01|21
01|21
01|21
01|21
01|21
01|21
01|21
01|21
01|21
01|21
01|21
01|21
01|21
01|21
01|21
01|21
01|21
01|21
01|21
01|21
01|21
01|21
01|21
01|21
01|21
01|21
01|21
01|21
01|21
01|21
01|21
01|21
01|21
01|21
01|21
01|21
01|21
01|21
01|21
01|21
01|21
01|21
01|21
01|21
01|21
01|21
01|21
01|21
01|21
01|21
01|21
01|21
01|21
01|21
01|21
01|21
01|21
01|21
01|21
01|21
01|21
01|21
01|21
01|21
01|21
01|21
01|21
01|21
01|21
01|21
01|21
01|21
01|21
01|21
01|21
01|21
01|21
01|21
01|21
01|21
01|21
01|21
01|21
01|21
01|21
01|21
01|21
01|21
01|21
01|21
01|21
01|21
01|21
01|21
01|21
01|21
01|21
01|21
01|21
01|21
01|21
01|21
01|21
01|21
01|21
01|21
01|21
01|21
01|21
01|21
01|21
01|21
01|21
01|21
01|21
01|21
01|21
01|21
01|21
01|21
01|21
01|21
01|21
01|21
01|21
01|21
01|21
01|21
01|21
01|21
01|21
01|21
01|21
01|21
01|21
01|21
01|21
01|21
01|21
01|21
01|21
01|21
01|21
01|21
01|21
01|21
01|21
01|21
01|21
01|21
01|21
01|21
01|21
01|21
01|21
01|21
01|21
01|21
01|21
01|21
01|21
01|21
01|21
01|21
01|21
01|21
01|21
01|21
01|21
01|21
01|21
01|21
01|21
01|21
01|21
01|21
01|21
01|21
01|21
01|21
01|21
01|21
01|21
01|21
01|21
01|21
01|21
01|21
01|21
01|21
01|21
01|21
01|21
01|21
01|21
01|21
01|21
01|21
01|21
01|21
01|21
01|21
01|21
01|21
01|21
01|21
01|21
01|21
01|21
01|21
01|21
01|21
01|21
01|21
01|21
01|21
01|21
01|21
01|21
01|21
01|21
01|21
01|21
01|21
01|21
01|21
01|21
01|21
01|21
01|21
01|21
01|21
01|21
01|21
01|21
01|21
01|21
01|21
01|21
01|21
01|21
01|21
01|21
01|21
01|21
01|21
01|21
01|21
01|21
01|21
01|21
01|21
01|21
01|21
01|21
01|21
01|21
01|21
01|21
01|21
01|21
01|21
01|21
01|21
01|21
01|21
01|21
01|21
01|21
01|21
01|21
01|21
01|21
01|21
01|21
01|21
01|21
01|21
01|21
01|21
01|21
01|21
01|21
01|21
01|21
01|21
01|21
01|21
01|21
01|21
01|21
01|21
01|21
01|21
01|21
01|21
01|21
01|21
01|21
01|21
01|21
01|21
01|21
01|21
01|21
01|21
01|21
01|21
01|21
01|21
01|21
01|21
01|21
01|21
01|21
01|21
01|21
01|21
01|21
01|21
01|21
01|21
01|21
01|21
01|21
01|21
01|21
01|21
01|21
01|21
01|21
01|21
01|21
01|21
01|21
01|21
01|21
01|21
01|21
01|21
01|21
01|21
01|21
01|21
01|21
01|21
01|21
01|21
01|21
01|21
01|21
01|21
01|21
01|21
01|21
01|21
01|21
01|21
01|21
01|21
01|21
01|21
01|21
01|21
01|21
01|21
01|21
01|21
01|21
01|21
01|21
01|21
01|21
01|21
01|21
01|21
01|21
01|21
01|21
01|21
01|21
01|21
01|21
01|21
01|21
01|21
01|21
01|21
01|21
01|21
01|21
01|21
01|21
01|21
01|21
01|21
01|21
01|21
01|21
01|21
01|21
01|21
01|21
01|21
01|21
01|21
01|21
01|21
01|21
01|21
01|21
01|21
01|21
01|21
01|21
01|21
01|21
01|21
01|21
01|21
01|21
01|21
01|21
01|21
01|21
01|21
01|21
01|21
01|21
01|21
01|21
01|21
01|21
01|21
01|21
01|21
01|21
01|21
01|21
01|21
01|21
01|21
01|21
01|21
01|21
01|21
01|21
01|21
01|21
01|21
01|21
01|21
01|21
01|21
01|21
01|21
01|21
01|21
01|21
01|21
01|21
01|21
01|21
01|21
01|21
01|21
01|21
01|21
01|21
01|21
01|21
01|21
01|21
01|21
01|21
01|21
01|21
01|21
01|21
01|21
01|21
01|21
01|21
01|21
01|21
01|21
01|21
01|21
01|21
01|21
01|21
01|21
01|21
01|21
01|21
01|21
01|21
01|21
01|21
01|21
01|21
01|21
01|21
01|21
01|21
01|21
01|21
01|21
01|21
01|21
01|21
01|21
01|21
01|21
01|21
01|21
01|21
01|21
01|21
01|21
01|21
01|21
01|21
01|21
01|21
01|21
01|21
01|21
01|21
01|21
01|21
01|21
01|21
01|21
01|21
01|21
01|21
01|21
01|21
01|21
01|21
01|21
01|21
01|21
01|21
01|21
01|21
01|21
01|21
01|21
01|21
01|21
01|21
01|21
01|21
01|21
01|21
01|21
01|21
01|21
01|21
01|21
01|21
01|21
01|21
01|21
01|21
01|21
01|21
01|21
01|21
01|21
01|21
01|21
01|21
01|21
01|21
01|21
01|21
01|21
01|21
01|21
01|21
01|21
01|21
01|21
01|21
01|21
01|21
01|21
01|21
01|21
01|21
01|21
01|21
01|21
01|21
01|21
01|21
01|21
01|21
01|21
01|21
01|21
01|21
01|21
01|21
01|21
01|21
01|21
01|21
01|21
01|21
01|21
01|21
01|21
01|21
01|21
01|21
01|21
01|21
01|21
01|21
01|21
01|21
01|21
01|21
01|21
01|21
01|21
01|21
01|21
01|21
01|21
01|21
01|21
01|21
01|21
01|21
01|21
01|21
01|21
01|21
01|21
01|21
01|21
01|21
01|21
01|21
01|21
01|21
01|21
01|21
01|21
01|21
01|21
01|21
01|21
01|21
01|21
01|21
01|21
01|21
01|21
01|21
01|21
01|21
01|21
01|21
01|21
01|21
01|21
01|21
01|21
01|21
01|21
01|21
01|21
01|21
01|21
01|21
01|21
01|21
01|21
01|21
01|21
01|21
01|21
01|21
01|21
01|21
01|21
01|21
01|21
01|21
01|21
01|21
01|21
01|21
01|21
01|21
01|21
01|21
01|21
01|21
01|21
01|21
01|21
01|21
01|21
01|21
01|21
01|21
01|21
01|21
01|21
01|21
01|21
01|21
01|21
01|21
01|21
01|21
01|21
01|21
01|21
01|21
01|21
01|21
01|21
01|21|38
01|21|38
01|21|38
01|21|38
01|21|38
01|21|38
01|21|38
01|21|38
01|21|38
01|21|38
01|21|38
01|21|38
01|21|38
01|21|38
01|21|38
01|21|38
01|21|38
01|21|38
01|21|38
01|21|38
01|21|38
01|21|38
01|21|38
01|21|38
01|21|38
01|21|99
01|21|99
01|21|99
01|21|99
01|21|99
01|21|99
01|21|99
01|21|99
01|21|99
01|21|99
01|21|99
01|21|99
01|21|99
01|21|99
01|21|99
01|21|99
01|21|99
01|21|99
01|21|99
01|21|99
01|21|99
01|21|99
01|21|99
01|21|99
01|21|99
01|21|99
01|21|99
01|21|99
01|21|99
01|21|99
01|21|99
01|21|99
01|21|99
01|21|99
01|21|99
01|21|99
01|21|99
01|21|99
01|21|99
01|21|99
01|21|99
01|21|99
01|21|99
01|21|99
01|21|99
01|21|99
01|21|99
01|21|99
01|21|99
01|21|99
01|21|99
01|21|99
01|21|99
01|21|99
01|21|99
01|21|99
01|21|99
01|21|99
01|21|99
01|21|99
01|21|99
01|21|99
01|21|99
01|21|99
01|21|99
01|21|99
01|21|99
01|21|99
01|21|99
01|21|99
01|21|99
01|21|99
01|21|99
01|21|99
01|21|99
01|38
01|38
01|38
01|38
01|38
01|38
01|38
01|38
01|38
01|38
01|38
01|38
01|38
01|38|99
01|38|99
01|38|99
01|99
01|99
01|99
01|99
01|99
01|99
01|99
01|99
01|99
01|99
01|99
01|99
01|99
01|99
01|99
01|99
01|99
01|99
01|99
01|99
01|99
01|99
01|99
01|99
01|99
01|99
01|99
01|99
01|99
01|99
01|99
01|99
01|99
01|99
01|99
01|99
01|99
01|99
01|99
01|99
01|99
01|99
01|99
01|99
01|99
01|99
01|99
01|99
01|99
01|99
01|99
01|99
01|99
01|99
01|99
01|99
01|99
01|99
01|99
01|99
01|99
01|99
01|99
01|99
01|99
01|99
01|99
01|99
01|99
01|99
01|99
01|99
01|99
01|99
01|99
01|99
01|99
01|99
01|99
01|99
01|99
01|99
01|99
01|99
01|99
01|99
01|99
01|99
01|99
01|99
01|99
01|99
01|99
01|99
01|99
01|99
01|99
01|99
01|99
01|99
01|99
01|99
03|04
03|04
03|04
03|04
03|04
03|04
03|04
03|04
03|04
03|04
03|04
03|04
03|04
03|04
03|04
03|04
03|04
03|04
03|04
03|04
03|04
03|04
03|04
03|04
03|04
03|04
03|04
03|04
03|04
03|04
03|04
03|04
03|04
03|04
03|04
03|04
03|04
03|04
03|04
03|04
03|04
03|04
03|04
03|04
03|04
03|04
03|04
03|04
03|04
03|04
03|04
03|04
03|04
03|04
03|04
03|04
03|04
03|04
03|04
03|04
03|04|06
03|04|06
03|04|06
03|04|06|21
03|04|06|21
03|04|06|21
03|04|06|21
03|04|06|21
03|04|06|21
03|04|06|21
03|04|06|21
03|04|06|21
03|04|06|21|99
03|04|06|99
03|04|10
03|04|15
03|04|15
03|04|15
03|04|15|21
03|04|15|21
03|04|15|21
03|04|15|21
03|04|15|21
03|04|15|21
03|04|15|21
03|04|15|21
03|04|15|21
03|04|15|99
03|04|21
03|04|21
03|04|21
03|04|21
03|04|21
03|04|21
03|04|21
03|04|21
03|04|21
03|04|21
03|04|21
03|04|21
03|04|21
03|04|21
03|04|21
03|04|21
03|04|21
03|04|21
03|04|21
03|04|21
03|04|21
03|04|21
03|04|21
03|04|21
03|04|21
03|04|21
03|04|21
03|04|21
03|04|21
03|04|21
03|04|21
03|04|21
03|04|21
03|04|21
03|04|21
03|04|21
03|04|21
03|04|21
03|04|21
03|04|21
03|04|21
03|04|21
03|04|21
03|04|21
03|04|21
03|04|21
03|04|21
03|04|21
03|04|21
03|04|21
03|04|21
03|04|21
03|04|21
03|04|21|38
03|04|21|99
03|04|21|99
03|04|21|99
03|04|21|99
03|04|21|99
03|06
03|06
03|06
03|06
03|06
03|06
03|06
03|06
03|06
03|06
03|06
03|06
03|06|10
03|06|10
03|06|15
03|06|15|21
03|06|21
03|06|21
03|06|21
03|06|21
03|06|21
03|06|21
03|06|21
03|06|21
03|06|21
03|06|21
03|06|21
03|06|21
03|06|21
03|06|21
03|06|21
03|06|21
03|06|21
03|06|21
03|06|21|38
03|10
03|10
03|10
03|10
03|10
03|10
03|10
03|10
03|10
03|10
03|10
03|10
03|10
03|10
03|10
03|10
03|10
03|10
03|10
03|10
03|10
03|10
03|10
03|10
03|10
03|10
03|10
03|10
03|10
03|10
03|10
03|10|15
03|10|15
03|10|15
03|10|15
03|15
03|15
03|15
03|15
03|15
03|15
03|15
03|15
03|15
03|15
03|15
03|15
03|15
03|15
03|15
03|15
03|15
03|15
03|15|21
03|15|21
03|15|21
03|15|21
03|15|21
03|15|21
03|15|21
03|15|21
03|15|21
03|15|21
03|15|21
03|15|21
03|15|21
03|15|21
03|15|21
03|15|21
03|15|21|38
03|15|99
03|21
03|21
03|21
03|21
03|21
03|21
03|21
03|21
03|21
03|21
03|21
03|21
03|21
03|21
03|21
03|21
03|21
03|21
03|21
03|21
03|21
03|21
03|21
03|21
03|21
03|21
03|21
03|21
03|21
03|21
03|21
03|21
03|21
03|21
03|21
03|21
03|21
03|21
03|21
03|21
03|21
03|21
03|21
03|21
03|21
03|21
03|21
03|21
03|21
03|21
03|21
03|21
03|21
03|21
03|21
03|21
03|21
03|21
03|21
03|21
03|21
03|21
03|21
03|21
03|21
03|21
03|21
03|21
03|21
03|21
03|21
03|21
03|21
03|21
03|21
03|21
03|21
03|21
03|21
03|21
03|21
03|21
03|21
03|21
03|21
03|21
03|21
03|21
03|21
03|21
03|21
03|21
03|21
03|21
03|21
03|21
03|21
03|21
03|21
03|21
03|21
03|21
03|21
03|21
03|21
03|21
03|21
03|21
03|21
03|21
03|21
03|21
03|21
03|21
03|21
03|21|38
03|21|38
03|21|38
03|21|38
03|21|38
03|21|38
03|21|38
03|21|38
03|21|38
03|21|99
03|21|99
03|21|99
03|38
03|38
03|38
03|38
03|38
03|99
03|99
04|06
04|06
04|06
04|06
04|06
04|06
04|06|15|21
04|06|15|21|99
04|06|21
04|06|21
04|06|21
04|06|21
04|06|21
04|06|21
04|06|21
04|06|21
04|06|21
04|06|21
04|06|21
04|06|21
04|06|21
04|06|21
04|06|21
04|06|21
04|06|21
04|06|21
04|06|21
04|06|21
04|06|21
04|06|21
04|06|99
04|10|15
04|15
04|15
04|15
04|15
04|15
04|15
04|15
04|15
04|15
04|15
04|15
04|15
04|15|21
04|15|21
04|15|21
04|15|21
04|15|21
04|15|21
04|15|21
04|15|21
04|15|21
04|15|21
04|15|21
04|15|21
04|15|21
04|15|21
04|15|21
04|15|21
04|15|21
04|15|21
04|15|21
04|15|21
04|15|21
04|15|21
04|15|21
04|15|21
04|15|21
04|15|21
04|15|21
04|15|21
04|15|21
04|15|21
04|15|21
04|15|21
04|15|21
04|15|21
04|15|21
04|15|21
04|15|21
04|15|21
04|15|21
04|15|21
04|15|21
04|15|21
04|15|21
04|15|21
04|15|21|99
04|15|21|99
04|15|21|99
04|15|21|99
04|15|99
04|21
04|21
04|21
04|21
04|21
04|21
04|21
04|21
04|21
04|21
04|21
04|21
04|21
04|21
04|21
04|21
04|21
04|21
04|21
04|21
04|21
04|21
04|21
04|21
04|21
04|21
04|21
04|21
04|21
04|21
04|21
04|21
04|21
04|21
04|21
04|21
04|21
04|21
04|21
04|21
04|21
04|21
04|21
04|21
04|21
04|21
04|21
04|21
04|21
04|21
04|21
04|21
04|21
04|21
04|21
04|21
04|21
04|21
04|21
04|21
04|21
04|21
04|21
04|21
04|21
04|21
04|21
04|21
04|21
04|21
04|21
04|21
04|21
04|21
04|21
04|21
04|21
04|21
04|21
04|21
04|21
04|21
04|21
04|21
04|21
04|21
04|21
04|21
04|21
04|21
04|21
04|21
04|21
04|21
04|21
04|21
04|21
04|21
04|21
04|21
04|21
04|21
04|21
04|21
04|21
04|21
04|21
04|21
04|21
04|21
04|21
04|21
04|21
04|21
04|21
04|21
04|21
04|21
04|21
04|21
04|21
04|21
04|21
04|21
04|21
04|21
04|21
04|21
04|21
04|21
04|21
04|21
04|21
04|21
04|21
04|21
04|21
04|21
04|21
04|21
04|21
04|21
04|21
04|21
04|21
04|21
04|21
04|21
04|21
04|21
04|21
04|21
04|21
04|21
04|21
04|21
04|21
04|21
04|21
04|21
04|21
04|21
04|21
04|21
04|21
04|21
04|21
04|21
04|21
04|21
04|21
04|21
04|21
04|21
04|21
04|21
04|21
04|21
04|21
04|21
04|21
04|21
04|21
04|21
04|21
04|21
04|21
04|21
04|21
04|21
04|21
04|21
04|21
04|21
04|21
04|21
04|21
04|21
04|21
04|21
04|21
04|21
04|21
04|21
04|21
04|21
04|21
04|21
04|21
04|21
04|21
04|21
04|21
04|21
04|21
04|21
04|21
04|21
04|21
04|21
04|21
04|21
04|21
04|21
04|21
04|21
04|21
04|21
04|21
04|21
04|21
04|21
04|21
04|21
04|21
04|21
04|21
04|21
04|21
04|21
04|21
04|21
04|21
04|21
04|21
04|21
04|21
04|21
04|21
04|21
04|21
04|21
04|21
04|21
04|21
04|21
04|21
04|21
04|21
04|21
04|21
04|21
04|21
04|21
04|21
04|21
04|21
04|21
04|21
04|21
04|21
04|21
04|21
04|21
04|21
04|21
04|21
04|21
04|21|38
04|21|38
04|21|38
04|21|38
04|21|38
04|21|38
04|21|99
04|21|99
04|21|99
04|21|99
04|21|99
04|21|99
04|21|99
04|21|99
04|21|99
04|21|99
04|21|99
04|21|99
04|21|99
04|99
04|99
04|99
04|99
04|99
04|99
04|99
06|10
06|10
06|10
06|10
06|10
06|10
06|10
06|10
06|10
06|10
06|10
06|10|99
06|15
06|15
06|15
06|15
06|15
06|15
06|15|21
06|15|21
06|15|21
06|21
06|21
06|21
06|21
06|21
06|21
06|21
06|21
06|21
06|21
06|21
06|21
06|21
06|21
06|21
06|21
06|21
06|21
06|21
06|21
06|21
06|21
06|21
06|21
06|21
06|21
06|21
06|21
06|21
06|21
06|21
06|21
06|21
06|21
06|21
06|21
06|21
06|21
06|21
06|21
06|21
06|21
06|21
06|21
06|21
06|21
06|21
06|21
06|21
06|21
06|21
06|21
06|21
06|21
06|21
06|21
06|21
06|21
06|21
06|21
06|21
06|21
06|21
06|21
06|21
06|21
06|21
06|21
06|21
06|21
06|21
06|21
06|21
06|21
06|21
06|21
06|21
06|21
06|21
06|21
06|21
06|21
06|21
06|21
06|21
06|21
06|21
06|21
06|21
06|21
06|21
06|21
06|21
06|21
06|21
06|21
06|21
06|21
06|21
06|21
06|21
06|21
06|21
06|21
06|21
06|21
06|21
06|21
06|21
06|21
06|21
06|21
06|21
06|21
06|21
06|21
06|21
06|21
06|21
06|21
06|21
06|21
06|21
06|21
06|21
06|21
06|21
06|21
06|21
06|21
06|21
06|21
06|21
06|21
06|21
06|21
06|21
06|21
06|21
06|21
06|21
06|21|38
06|21|38
06|21|38
06|21|99
06|21|99
06|99
06|99
06|99
06|99
06|99
06|99
06|99
10|15
10|15
10|15
10|15
10|15
10|15
10|15
10|15
10|15
10|15
10|15
10|15
10|15
10|15
10|15
10|15
10|15
10|15|21
10|15|99
10|99
10|99
10|99
10|99
10|99
10|99
10|99
10|99
10|99
10|99
10|99
10|99
10|99
10|99
10|99
10|99
11|15
11|21
11|99
11|99
11|99
11|99
11|99
11|99
15|21
15|21
15|21
15|21
15|21
15|21
15|21
15|21
15|21
15|21
15|21
15|21
15|21
15|21
15|21
15|21
15|21
15|21
15|21
15|21
15|21
15|21
15|21
15|21
15|21
15|21
15|21
15|21
15|21
15|21
15|21
15|21
15|21
15|21
15|21
15|21
15|21
15|21
15|21
15|21
15|21
15|21
15|21
15|21
15|21
15|21
15|21
15|21
15|21
15|21
15|21
15|21
15|21
15|21
15|21
15|21
15|21
15|21
15|21
15|21
15|21
15|21
15|21
15|21
15|21
15|21
15|21
15|21
15|21
15|21
15|21
15|21
15|21
15|21
15|21
15|21
15|21
15|21
15|21
15|21
15|21
15|21
15|21
15|21
15|21
15|21
15|21
15|21
15|21
15|21
15|21
15|21
15|21
15|21
15|21
15|21
15|21
15|21
15|21
15|21
15|21
15|21
15|21
15|21
15|21
15|21
15|21
15|21
15|21
15|21
15|21
15|21
15|21
15|21
15|21
15|21
15|21
15|21
15|21
15|21
15|21
15|21
15|21
15|21
15|21
15|21
15|21
15|21
15|21
15|21
15|21
15|21
15|21
15|21
15|21
15|21
15|21
15|21
15|21
15|21
15|21
15|21
15|21
15|21
15|21
15|21
15|21
15|21
15|21
15|21
15|21
15|21
15|21
15|21
15|21
15|21
15|21
15|21
15|21
15|21
15|21
15|21
15|21
15|21
15|21
15|21
15|21
15|21
15|21
15|21
15|21
15|21
15|21
15|21
15|21
15|21
15|21
15|21
15|21
15|21
15|21
15|21
15|21
15|21
15|21
15|21
15|21
15|21
15|21
15|21
15|21
15|21
15|21
15|21
15|21
15|21
15|21
15|21
15|21
15|21
15|21
15|21
15|21
15|21
15|21
15|21
15|21
15|21
15|21
15|21
15|21
15|21
15|21
15|21
15|21
15|21
15|21
15|21
15|21
15|21
15|21
15|21
15|21
15|21
15|21
15|21
15|21
15|21
15|21
15|21
15|21
15|21
15|21
15|21
15|21
15|21
15|21
15|21
15|21
15|21
15|21
15|21
15|21
15|21
15|21
15|21
15|21
15|21
15|21
15|21
15|21
15|21
15|21
15|21
15|21
15|21
15|21
15|21
15|21
15|21
15|21
15|21
15|21
15|21
15|21
15|21
15|21
15|21
15|21
15|21
15|21
15|21
15|21
15|21
15|21
15|21
15|21
15|21
15|21
15|21
15|21
15|21
15|21
15|21
15|21|38
15|21|38
15|21|38
15|21|99
15|21|99
15|21|99
15|21|99
15|21|99
15|21|99
15|21|99
15|21|99
15|21|99
15|21|99
15|21|99
15|21|99
15|21|99
15|99
15|99
15|99
15|99
15|99
15|99
15|99
21|38
21|38
21|38
21|38
21|38
21|38
21|38
21|38
21|38
21|38
21|38
21|38
21|38
21|38
21|38
21|38
21|38
21|38
21|38
21|38
21|38
21|38
21|38
21|38
21|38
21|38
21|38
21|38
21|38
21|38
21|38
21|38
21|38
21|38
21|38
21|38
21|38
21|38
21|38
21|38|99
21|38|99
21|99
21|99
21|99
21|99
21|99
21|99
21|99
21|99
21|99
21|99
21|99
21|99
21|99
21|99
21|99
21|99
21|99
21|99
21|99
21|99
21|99
21|99
21|99
21|99
21|99
21|99
21|99
21|99
21|99
21|99
21|99
21|99
21|99
21|99
21|99
21|99
21|99
21|99
21|99
21|99




因為有一些會有分隔 但是只要數字符合都可以
